500
600
1500
2500
3000
4000
6500
7000
7500
5999
600
600
600
600
1500
1500
3000
4000
1000
3500
1200
1000
300
500
500
50
30
40
30
200
20
40
1000
150
300
400
250
200
300
250
400
100
1500
300
300
300
300
800
250
400
500
650
550
200
2500
600
600
600
1500
500
500
300
1800
500
300
1500
4500
2500
3000
250
300
500
450
600
300
200
300
450
1500
450
850
750
100
600
550
1200
800
1000
800
300
300
300
400
600
1500
900
600
600
800
1000
1200
1200
1200
1200
1500
1500
1500
1500
1500
1800
1800
1800
2000
3000
3600
1500
2000
3000
2500
3000
3300
5600
11200
16750
999
